1a30  -12.248  -19.490   -6.521   -1.3607    2.0085   -0.3134
1bcu   11.670    4.436   -0.103   -0.5457    0.9320    0.1748
1c5z  -13.443   -6.785   34.663    1.9089    1.2795   -0.9848
1gpn    1.637    2.039    1.607    0.4181    1.6739   -2.8417
1nc1   -3.910   18.157  -17.740   -0.3201    2.4712   -1.4669
1nc3   -0.914   10.837    0.120   -2.9656    1.7128   -2.0227
1nvq   36.186  -10.591   23.420    1.9860    1.4531   -1.6363
1o0h   -3.662   -9.381  -20.235    2.8733    1.1513   -0.9958
1o5b   25.593   19.275    1.790   -2.5866    0.3499   -2.1964
1p1n   22.452   11.947   -2.818   -1.6706    0.8198   -0.8225
1p1q    1.461  -29.701   -5.564   -1.0091    0.9272    1.0467
1ps3  -10.253   14.087   -5.331    2.8415    2.1322    1.9093
1pxn  -12.136    5.569    7.949   -2.2709    2.1906    2.6751
1q8t   -0.012    2.686    7.231   -1.1608    0.9912    1.9607
1qf1    1.385    8.282  -30.355   -2.4258    1.8550   -1.6442
1qkt    0.590   -5.661  -19.483   -2.1154    1.1710   -2.8748
1r5y    2.590  -17.988   16.965   -2.7494    2.6152    1.1721
1s38   -1.466   17.794   17.226   -0.1910    1.5690   -0.0778
1syi   -4.475  -32.698    5.705    2.2843    2.0103   -0.6774
1uto   -2.032   -7.440  -15.775   -0.4924    1.3631    1.6890
1vso    0.003    8.169  -24.509   -1.5150    1.1556    0.2553
1w4o  -15.793    8.824   -7.952   -2.5193    0.7652   -0.7707
1y6r    4.135  -10.303    4.901   -1.5191    0.4528    0.8003
1yc1  -21.326   12.894    0.209   -2.6263    1.9959   -2.6108
1ydr  -17.262   12.977    0.421   -0.7025    1.2775   -1.1988
1z95    5.881    4.202    5.099    1.3082    2.0231    1.6368
1z9g  -13.479  -15.994   11.047   -0.5231    0.1554   -1.2572
2al5  -13.135    0.215   -5.637   -1.0476    2.1052   -1.3153
2brb    5.911   -5.464   -4.283   -0.2617    1.6081   -1.8374
2c3i    2.446    0.452    5.962   -2.6738    0.0507   -0.1965
2cbv   -8.713  -20.482   12.289    1.6147    2.7560   -1.9801
2cet    4.671    5.805   13.039   -0.1178    1.5159   -1.7213
2hb1  -27.343   15.783   -3.715   -1.6512    2.0206   -1.3506
2j78  -19.179   -2.608   -8.198   -0.4640    0.7838    1.1019
2j7h   -4.370  -13.245  -25.963    2.7490    1.9419    2.9406
2pog   -2.682  -15.925   10.775   -2.6110    1.7508   -1.9210
2qbr   19.240  -22.925   -3.025   -2.6314    1.7126    1.5054
2qe4   -8.415    1.967    8.104   -1.6355    2.1825    1.7890
2qnq    5.772   -4.206   -8.863    2.5937    1.0388   -0.5207
2r9w   13.382   13.751   -2.439    0.6554    1.1884   -0.8738
2v00    1.503    3.486  -11.461    1.0374    0.4650   -1.0309
2vvn   -9.978   34.666   -1.793    1.2373    0.6399    1.1282
2w4x    7.508    6.464    2.299    3.0343    1.6027   -0.1667
2weg   11.792   -0.142    8.141   -1.6793    2.0443   -2.6376
2wnc   14.043  -24.104    7.636    1.4352    0.9610    2.8935
2wvt    8.725  -12.888   11.012   -2.6164    0.0828    1.2012
2xb8   -7.694    6.068   20.637   -1.5944    2.2020    2.9577
2xdl  -11.869   -2.653   18.616    2.9971    0.5615    2.1888
2xj7    8.460    8.853  -38.811    1.8720    1.8567    1.1037
2yfe    2.091   -2.824  -22.351   -2.2568    0.9919    2.0650
2ymd   -5.799    9.636   -2.212   -1.5629    0.5431   -1.5947
2zda    6.007    3.672    2.286   -0.0566    2.4627   -1.0858
3acw    3.584   24.820    7.879   -1.4861    2.2408   -1.6445
3ao4  -11.179    1.652   -5.787   -0.1085    2.2420    0.0470
3aru    3.192   19.425   -3.633    1.6536    2.2489    0.4799
3arv  -17.619   10.316   -9.464   -2.5085    1.3741   -0.5978
3ary   -9.793    9.822    0.325   -0.3323    1.5826   -2.4697
3b27  -21.202  -11.710    5.478    1.1978    1.2795   -2.3005
3bgz    6.265   17.958   -3.450    1.7769    2.9367    0.4206
3cj4    3.581  -14.431    9.882   -0.2348    1.5425    1.0777
3d4z  -21.507   20.263   19.717   -1.3489    1.4027   -3.0669
3d6q  -11.196  -27.937    1.937    1.5932    1.1695   -0.5810
3dd0   14.742    7.546   -6.290    2.6278    1.4537   -2.1044
3dx1   -1.428    8.476    3.070   -0.6166    1.4891    0.1430
3dx2   -1.317   -6.635   -6.161   -1.7355    1.5561    3.0527
3dxg  -22.934   -4.867  -12.316   -1.4552    0.6942   -1.7075
3ebp  -12.107   -7.442   -0.801   -1.7197    0.6765    1.1251
3ehy    9.897  -21.436   14.872   -1.5555    3.0399   -2.9101
3f3a  -22.676    5.250    5.737   -0.6808    1.1810    1.8563
3f3c   10.937   12.032    1.653    2.5094    1.3550    2.5477
3f3d   -4.497  -10.841    5.145    1.4001    2.3317   -0.2590
3f3e   16.788   11.455    5.455   -1.4283    0.5745   -0.7186
3fcq    4.806   -7.431   17.662    0.4779    0.7761   -1.6482
3fur  -24.901    5.823   24.902   -0.7187    2.0373    2.5411
3fv1   -6.503   10.450    9.545    0.0636    1.6058   -2.4019
3fv2    5.945    1.362   -3.332    1.4836    2.7462   -1.4356
3g0w   -7.521   15.364   18.948    0.0185    1.2567    1.6625
3g2n    9.490  -15.303    7.826   -0.3717    0.5704    0.7335
3g2z    8.065    9.575  -10.410    1.7513    0.9217    0.4295
3g31   -5.289  -11.176  -11.086    0.3992    1.1761   -2.6299
3gbb   12.831   -3.424  -19.147   -0.7714    2.4112    2.1449
3gc5    2.572   -9.362   -1.613   -2.7642    2.4148    2.0104
3ge7    5.015  -12.860   -8.871   -0.3577    1.7270    2.7718
3gr2  -13.246   12.854   -7.964    2.7882    1.0178    0.9868
3gv9  -22.232   -7.664   -3.667   -2.8188    1.0090   -2.1299
3gy4    0.460   14.642  -12.083    2.2722    1.6158    0.6348
3jvr    2.786  -18.627   11.454   -1.6301    2.7190    0.8073
3jvs   20.153   -5.230  -26.471   -1.9368    0.9163    1.3477
3jya    2.145   19.120    1.826    2.7126    0.2275    0.9415
3kgp    2.487    1.269    6.587    0.9490    2.0611   -0.9455
3kr8   16.728   28.472   -1.019    1.7462    2.0150    1.7873
3kwa   -1.187  -22.299    2.143   -0.7802    1.8332    0.9197
3l7b  -10.644   -9.129   15.055    1.1775    1.0376    1.1741
3lka   -1.235   13.002    3.126    1.4072    1.5702    2.2225
3n76   29.822   28.284  -15.664   -2.7053    2.5739   -2.3875
3n7a   19.029    1.335  -16.884    1.6356    1.1477    1.4147
3nq9    3.344  -11.049   -4.536    0.3591    2.2801   -1.1885
3nx7   -2.206    1.378    7.041   -2.5392    1.0472    2.6423
3p5o  -12.330   31.349   -7.347    2.8186    2.6515    1.4908
3pxf   12.372   24.063   20.868   -0.5092    1.9152   -0.7967
3pyy    9.493   14.311   10.394    1.1828    1.8180    1.1043
3qqs   -0.358  -35.781   11.302   -1.4856    1.0025    1.4952
3r88   20.768  -17.601   -2.003    2.0979    1.9773   -2.4272
3rlr   -5.901   24.729    1.246    0.4960    0.7285   -2.0553
3rr4   -9.760    5.824   10.851   -0.1921    2.3194   -0.9659
3rsx    9.479  -13.783   27.875    0.2567    2.0733    0.7758
3ryj    8.019   -9.418   17.247    1.0586    1.3139   -2.5058
3syr    8.123   -2.392   16.230   -0.4412    2.7779    2.8246
3twp  -22.448   -3.668   12.241   -2.0922    1.9292   -0.5374
3u5j   -1.098   13.935  -11.044   -1.3745    2.3639   -1.6278
3u9q   26.988   23.655   -7.911   -1.7773    2.1784    2.6581
3udh  -18.568   -2.339    1.357    1.6721    0.8422   -0.4764
3ui7   -8.707   28.145   23.438   -0.2900    1.4608    2.6844
3uo4    0.037  -13.728   -7.025    0.7913    0.7651   -0.8781
3up2   -5.322  -16.702   -0.044    1.0302    1.9122    0.9334
3uuo   -7.430   22.116  -12.200   -2.2353    0.9681   -2.4674
3wtj   -8.909   10.421  -20.011   -1.0914    2.4751    0.9260
3zdg   19.835  -11.102   11.505   -2.1950    1.1047   -2.6939
3zsx   -9.653    5.003   14.703   -1.0353    2.5622   -3.0994
3zt2   16.578   12.916    5.640    1.5347    1.3188    2.8667
4abg   -3.824  -12.008   12.463    1.4778    1.9228   -2.4821
4bkt    0.083   20.025  -21.662    0.6716    1.7180   -2.0836
4cig   11.099   -2.461  -37.429    2.8849    2.0850   -1.9822
4ciw   -5.884    4.353   12.448   -0.8673    1.6718    1.3184
4cr9    1.093    6.401  -29.043    3.1361    1.2825   -1.4300
4ddh    7.330   -9.594   15.606   -2.9232    1.8585    2.7342
4ddk    0.408   22.085   -0.771   -2.1551    1.6657   -3.1052
4de1   -9.526   24.870    1.251   -2.4673    1.1087    2.6353
4djv  -14.252   11.978   -8.514    2.8098    2.8609   -0.4834
4dld   20.964   -5.121   11.063    1.7083    1.1081    2.2277
4dli   17.642  -17.526   -2.041    1.2139    0.5413   -0.9302
4e6q  -18.792    5.400   12.364   -0.1665    1.0445    0.0392
4eo8    7.723  -13.034    8.147   -0.4102    0.8670    2.5012
4eor    9.923   -2.243    1.985    1.6693    2.3522   -1.3389
4f09    9.238    6.076   13.338   -1.0679    0.9406   -1.7057
4f2w   -3.328    5.109    2.492    0.9046    0.6493    0.1147
4f9w    2.648    0.672    4.034   -2.8586    1.7819   -2.8133
4gfm   -4.738  -18.850   12.903   -2.3767    1.4943   -0.1062
4gkm  -19.955   18.345   -8.479    1.3785    1.9617    0.5864
4hge  -21.237   -2.140    9.294   -0.7423    1.0125   -3.1379
4ih5    9.902    5.633   -6.269    2.2728    1.2388    1.6340
4ih7  -15.173  -13.102   -8.891   -2.8792    1.6409   -1.7682
4ivb    1.713    7.481    8.393    0.0048    2.3664    2.6437
4ivc   11.799  -13.932   15.583   -1.0902    1.8944    1.3676
4ivd    5.860   24.828  -12.378    2.7389    0.8858   -1.0331
4j21   -0.480   26.293   15.430   -1.8282    1.1569   -2.1532
4j28   38.843   11.494   -1.469   -0.4910    2.2176    1.3818
4jfs   34.863   15.673    5.614   -2.3489    2.1333   -1.7055
4jsz    5.786   16.378    4.479    0.1935    1.3693    1.4371
4jxs   19.359    6.763   -6.746   -2.1037    1.1456   -0.0923
4k18   11.684    8.415    1.259   -0.4330    1.0769   -1.0147
4k77   12.541  -13.285   -3.819    1.2006    0.7458   -0.6546
4kz6    7.001    4.447    5.298   -2.9479    1.1142   -2.1011
4kzq   -5.592  -16.666   28.564   -0.6372    0.7244    2.6733
4kzu  -18.251    1.189    5.824    0.0667    2.2459   -0.4345
4llx    1.862   -1.400   -2.313   -1.2495    1.4631   -1.6519
4lzs    4.022    0.718    1.388    3.0479    0.9034    0.4340
4m0y  -18.164   -0.984    6.968    1.6478    1.7669    2.9188
4m0z  -20.532  -16.045   -9.336   -1.5457    2.3363    1.1083
4mgd    5.269    1.280    3.442   -1.6333    1.2553    1.2320
4mme    0.741    8.285   -7.791    2.4371    0.8242   -1.6252
4ogj    0.194  -17.638  -31.707    1.8446    1.2510    0.9619
4owm   18.932  -11.912    7.326   -1.4735    2.2713   -0.4727
4pcs   -2.511   20.526   -5.409   -2.3503    2.3086   -2.1449
4qac   -9.624    6.439   -8.918    0.3823    1.8840   -2.4756
4u4s   -3.986   16.427   29.776    0.8012    2.5211   -3.0304
4wiv    0.328    0.314   -4.182   -0.8925    1.7909   -0.5627
5c28    2.291   22.547   -7.171   -2.5085    1.2112    0.8451
5dwr  -28.440   11.959   10.652    3.0681    2.9504    2.2223
