1a30	-5.37	-4.83	7.12
1bcu	-4.73	-4.76	3.4
1c5z	-6.51	-5.33	2.54
1gpn	-8.37	-8.18	4.41
1nc1	-10.35	-2.54	1.37
1nc3	-10.48	-5.46	1.13
1nvq	-12.99	-8.79	1.27
1o0h	-5.44	-2.13	1.69
1o5b	-7.62	-5.99	0.88
1p1n	-10.49	-5.47	4.7
1p1q	-8.34	-5.99	1.54
1ps3	-6.12	-3.97	1.36
1pxn	-6.81	-6.06	1.66
1q8t	-6.22	-5.09	0.83
1qf1	-9.35	-5.35	0.91
1qkt	-8.71	-6.83	6.93
1r5y	-6.49	-3.61	6.44
1s38	-7.22	-4.4	5.24
1syi	-13.11	-0.87	4.8
1uto	-2.93	-3.81	2.22
1vso	-6.4	-4.27	1.7
1w4o	-5.35	-3.95	1.3
1y6r	-11.48	-6.22	0.97
1yc1	-8.01	-6.85	1.11
1ydr	-8.0	-6.52	1.14
1z95	-11.42	-8.74	1.32
1z9g	-5.42	-3.67	1.25
2al5	-11.58	-2.78	5.72
2brb	-7.9	-7.31	0.97
2c3i	-8.48	-8.66	0.59
2cbv	-9.5	-5.57	4.09
2cet	-9.86	-4.5	1.74
2hb1	-7.8	-5.39	1.35
2j78	-8.09	-2.99	4.72
2j7h	-8.4	-7.69	2.44
2pog	-8.31	-6.86	1.76
2qbr	-10.27	-5.62	1.93
2qe4	-8.68	-8.35	0.62
2qnq	-18.11	-2.05	0.91
2r9w	-9.1	-6.08	6.65
2v00	-5.14	-3.82	1.16
2vvn	-7.84	-6.09	0.95
2w4x	-6.29	-3.87	1.43
2weg	-4.39	-3.92	1.11
2wnc	-8.01	-6.3	1.38
2wvt	-7.57	-4.45	2.66
2xb8	-10.93	-5.49	1.36
2xdl	-4.45	-3.92	0.9
2xj7	-10.04	-9.38	0.33
2yfe	-7.52	0.93	2.07
2ymd	-8.91	-3.8	5.16
2zda	-12.94	-4.28	1.48
3acw	-8.97	-7.31	1.13
3ao4	-5.46	-4.1	6.9
3aru	-4.64	-4.21	2.73
3arv	-5.79	-6.26	7.64
3ary	-4.48	-5.17	4.1
3b27	-5.13	-4.85	0.4
3bgz	-10.02	-8.1	1.47
3cj4	-7.98	-7.42	1.17
3d4z	-5.54	-2.98	3.65
3d6q	-3.36	-3.66	2.75
3dd0	-5.7	-5.14	1.55
3dx1	-8.15	-5.15	3.76
3dx2	-10.32	-7.59	2.8
3dxg	-2.42	-2.45	5.3
3ebp	-8.47	-8.49	5.78
3ehy	-4.6	-5.22	3.69
3f3a	-7.9	-6.53	1.47
3f3c	-8.87	-3.42	2.88
3f3d	-7.07	-3.0	2.55
3f3e	-7.62	-5.2	1.26
3fcq	-1.41	-2.75	4.07
3fur	-13.48	-11.75	0.82
3fv1	-16.15	-14.78	0.79
3fv2	-15.94	-9.22	0.79
3g0w	-9.52	-4.28	1.47
3g2n	-8.32	-3.42	7.48
3g2z	-3.65	-4.58	4.64
3g31	-3.43	-4.58	2.67
3gbb	-12.28	-5.39	4.55
3gc5	-9.98	-4.66	1.17
3ge7	-13.87	-8.33	0.98
3gr2	3.2	-4.83	5.66
3gv9	-5.17	-4.69	0.48
3gy4	-5.76	-4.71	2.17
3jvr	-7.56	-6.77	0.91
3jvs	-9.33	-5.96	1.03
3jya	-6.35	-6.32	5.44
3kgp	-3.5	-4.07	1.4
3kr8	-10.38	-5.81	7.22
3kwa	17.11	16.49	2.69
3l7b	-5.67	-3.1	1.84
3lka	-5.37	-4.91	5.93
3n76	-10.11	-4.6	1.58
3n7a	-6.8	-2.93	2.7
3nq9	-1.7	-2.22	2.22
3nx7	-6.1	-4.26	1.28
3p5o	-8.4	-7.2	1.12
3pxf	-7.4	-6.52	4.64
3pyy	-8.9	-6.14	0.94
3qqs	-9.15	-7.42	5.06
3r88	-5.09	-3.51	5.28
3rlr	-8.82	-6.93	1.6
3rr4	-7.51	-4.42	1.08
3rsx	-6.17	-4.49	4.34
3ryj	-4.88	-4.68	1.03
3syr	-8.93	-3.07	1.19
3twp	-2.93	-2.88	2.64
3u5j	-7.48	-7.06	0.73
3u9q	-4.54	-4.3	1.33
3udh	-8.61	-6.43	0.98
3ui7	-7.42	-6.59	0.83
3uo4	-12.11	-6.53	1.66
3up2	-10.04	-9.63	0.56
3uuo	-7.27	-6.09	1.36
3wtj	-8.6	-5.88	6.47
3zdg	-5.6	-1.78	3.01
3zsx	-10.11	-7.47	1.67
3zt2	-8.31	-7.11	0.53
4abg	-4.98	-3.79	1.34
4bkt	-6.04	-5.21	0.43
4cig	-10.7	-6.72	1.81
4ciw	-6.27	-3.29	4.25
4cr9	-4.35	-4.85	5.88
4ddh	-6.72	-5.3	1.64
4ddk	-4.19	-3.96	4.89
4de1	-7.56	-4.54	1.17
4djv	-11.71	-6.53	7.38
4dld	-11.42	-5.13	5.34
4dli	-8.57	-6.76	1.45
4e6q	-8.44	0.05	1.08
4eo8	-8.78	-6.83	0.94
4eor	-10.55	-8.35	0.96
4f09	-7.2	-6.07	1.63
4f2w	-10.69	-8.24	0.98
4f9w	-9.92	-8.66	0.74
4gfm	-7.43	-6.22	6.2
4gkm	-9.22	-10.02	5.63
4hge	-9.73	-8.46	5.31
4ih5	8.76	-3.79	2.33
4ih7	-7.13	-5.87	5.52
4ivb	-9.44	-5.52	4.35
4ivc	-9.71	-6.24	0.8
4ivd	-9.98	-5.77	1.26
4j21	-10.24	-8.31	1.16
4j28	-7.51	-6.54	2.01
4jfs	-5.77	-5.95	0.66
4jsz	-3.06	-4.23	4.21
4jxs	-9.05	-5.54	1.66
4k18	-9.76	-6.51	6.41
4k77	-6.94	-5.91	2.86
4kz6	-4.43	-3.79	5.44
4kzq	-8.6	-6.86	1.14
4kzu	-10.48	-6.93	1.08
4llx	-3.86	-3.61	2.72
4lzs	-5.96	-5.62	0.68
4m0y	-7.26	-6.75	5.16
4m0z	-13.44	-6.49	4.59
4mgd	-4.28	-7.21	1.16
4mme	-9.79	-8.43	0.7
4ogj	-9.6	-6.2	5.78
4owm	-4.26	-4.92	0.9
4pcs	-7.26	-6.22	1.08
4qac	-10.65	-8.61	1.5
4u4s	-5.77	-5.6	0.86
4wiv	-7.29	-7.15	0.96
5c28	-4.9	-3.96	4.53
5dwr	-13.38	-10.99	1.29
