C   0.278  -1.177   0.946   0.711  -3   3   2
OA -0.268  -0.727   2.061   0.425  -2   5   1
N  -0.339  -0.478   0.030   1.370  -1   0   4
C   0.271  -2.618   0.568   0.372  -7   2   1
N  -0.347  -3.510   1.750   0.517  -9   5   1
C   0.081  -2.713  -0.008  -1.043  -7  -0  -3
C   0.059  -2.524   1.020  -2.141  -7   3  -6
C   0.042  -2.726   0.449  -3.531  -7   1  -9
OA -0.550  -3.688  -0.329  -3.728 -10  -1 -10
OA -0.550  -1.926   0.794  -4.430  -5   2 -12
C   0.177   0.907   0.246   1.767   2   1   5
C   0.243   1.750  -0.908   1.254   5  -2   3
OA -0.273   1.831  -1.962   1.889   5  -5   5
N  -0.346   2.335  -0.711   0.076   6  -2   0
C   0.128   3.147  -1.733  -0.567   8  -5  -2
C   0.064   4.633  -1.427  -0.525  12  -4  -1
OA -0.548   4.983  -0.234  -0.415  13  -1  -1
OA -0.548   5.433  -2.384  -0.601  14  -6  -2
C   0.034   2.687  -1.904  -2.008   7  -5  -5
C  -0.015   1.232  -2.360  -2.023   3  -6  -5
C   0.007   1.170  -3.871  -2.191   3 -10  -6
C   0.007   0.468  -1.629  -3.085   1  -4  -8
C   0.087   0.995   0.370   3.286   3   1   9
C   0.044   0.298   1.615   3.795   1   4  10
OA -0.550   0.919   2.692   3.728   2   7  10
OA -0.550  -0.877   1.531   4.219  -2   4  11
